Written on:
11/22/18  02:23:31

______________________________

(Settings:)

{'degree': 3, 'nref': 20, 'refinement number': 20}

______________________________

(Values:)

%%residual%%
$$[0.15645891659778904, 0.1239840063643157, 0.09657190681395388, 0.09375458282541793, 0.08119151518002132, 0.07630973590753139, 0.07303921148557638, 0.0708075006304498, 0.06977750579850242, 0.06922149306485148, 0.06886527086465213, 0.06332115363012433, 0.05832922211623351, 0.04804327608861742, 0.042860207815622234, 0.040360715570239944, 0.034625350059207596, 0.03366336021642836, 0.032579736474981774, 0.03253553074662554]$$

%%sum_residual%%
$$[0.00026236874403817294, 8.755939103472262e-05, 5.381514437039126e-05, 2.5891246511121825e-05, 8.675802276087666e-06, 5.979119498846173e-06, 4.47275878446338e-06, 3.24091013882188e-06, 2.2516144290583685e-06, 1.6120957071987681e-06, 1.1985116884653359e-06, 8.630062572335661e-07, 6.499030309432427e-07, 4.871781556456751e-07, 3.6841146305242675e-07, 2.933301502300476e-07, 2.5336055053063525e-07, 2.2417686221487374e-07, 1.9150356487796193e-07, 1.683177237176664e-07]$$

%%sum_goal%%
$$[2.1521383559686612e-05, 1.7140091419882642e-05, 1.5936324096516752e-05, 1.329556128340855e-05, 1.0785462407861438e-05, 1.0316316066829362e-05, 1.014740220261785e-05, 1.005588033194465e-05, 9.962667158580833e-06, 9.83011027670745e-06, 9.629838321223011e-06, 8.610605288433708e-06, 7.501116146993456e-06, 5.675969036175982e-06, 4.841566287428649e-06, 4.3587320255130046e-06, 3.905208914929562e-06, 3.890204088476332e-06, 3.8120772306821267e-06, 3.7875980979635505e-06]$$

%%nelems%%
$$[128, 188, 248, 308, 368, 428, 488, 548, 608, 668, 728, 788, 848, 908, 968, 1028, 1088, 1148, 1208, 1268]$$





