Written on:
11/21/18  23:21:07

______________________________

(Settings:)

{'degree': 3, 'nref': 20, 'refinement number': 20}

______________________________

(Values:)

%%residual%%
$$[0.12970124758217066, 0.1230374158345773, 0.11746984140132569, 0.10435230818119798, 0.09530412731420249, 0.0771241360590925, 0.071802808088033, 0.0657144762156219, 0.06522130303820242, 0.06226555643817564, 0.056789103052325846, 0.053369412981686154, 0.053736918969526315, 0.039435615488757264, 0.038917716975599516, 0.0385425930256648, 0.03844208956535097, 0.03821746511129292, 0.03770970965578266, 0.03698397614141734]$$

%%sum_residual%%
$$[0.0002139007563332728, 0.00018190742683467463, 0.00017759867017329953, 0.00013171599416131614, 0.00011912613672669142, 5.2610168860040296e-05, 2.9213943968710612e-05, 2.886029304539964e-05, 2.8302552046609785e-05, 2.2383816116318292e-05, 1.4425311512641191e-05, 1.4081387686885885e-05, 1.3502424055501844e-05, 5.65269326559523e-06, 5.5963137630742045e-06, 5.373630436765697e-06, 5.134008007228586e-06, 5.064462911279408e-06, 5.0637398716222565e-06, 5.041925454359406e-06]$$

%%sum_goal%%
$$[1.57753741633002e-05, 1.1035541187232207e-05, 8.62221419686024e-06, 6.9238778912770935e-06, 5.483514405549756e-06, 4.505437848919748e-06, 3.8365852769071115e-06, 3.447196186615952e-06, 3.1589118631110794e-06, 2.908250856751789e-06, 2.7073534705569196e-06, 2.523533027493088e-06, 2.3564475494992035e-06, 2.209402279914752e-06, 2.0691329017195833e-06, 1.9396534833522206e-06, 1.8233739362091097e-06, 1.7161442940967597e-06, 1.617350616746514e-06, 1.5241495319829927e-06]$$

%%nelems%%
$$[128, 188, 248, 308, 368, 428, 488, 548, 608, 668, 728, 788, 848, 908, 968, 1028, 1088, 1148, 1208, 1268]$$





