Written on:
11/21/18  22:30:37

______________________________

(Settings:)

{'degree': 3, 'nref': 20, 'refinement number': 20}

______________________________

(Values:)

%%residual%%
$$[0.12970124758217066, 0.10076510076995071, 0.07473035497335696, 0.07272378055771107, 0.06060766857825636, 0.05919922005500731, 0.055387741873363525, 0.0546078502609495, 0.05335722961128319, 0.053112170611942275, 0.04819996673636372, 0.04328069196474631, 0.03717693435719581, 0.03464851470068687, 0.03166354686884051, 0.030158985128466567, 0.025851604991194058, 0.02407810181064373, 0.022169595940617265, 0.022154090472810473]$$

%%sum_residual%%
$$[0.0002139007563332728, 7.185860639916382e-05, 3.2310746769653365e-05, 1.248785957137689e-05, 6.81326135348199e-06, 4.893715324836792e-06, 3.596382307751208e-06, 2.8745975015344356e-06, 1.961322344904148e-06, 1.157789477021219e-06, 7.081052925154701e-07, 5.585393222652276e-07, 4.259392317976215e-07, 3.60128063610565e-07, 3.1042603941586987e-07, 2.525817555410158e-07, 2.098723234621529e-07, 1.7969492498574554e-07, 1.561926828388546e-07, 1.375099103977739e-07]$$

%%sum_goal%%
$$[1.57753741633002e-05, 1.2355756057874945e-05, 1.1788222027681454e-05, 9.946126145180035e-06, 8.261402443715195e-06, 8.02602840287484e-06, 7.88919950964132e-06, 7.817961761190353e-06, 7.71333686303418e-06, 7.670687221962995e-06, 6.6116794755195505e-06, 6.077853175426812e-06, 5.271074291600233e-06, 4.930345471446359e-06, 4.365509692413789e-06, 4.128508582074004e-06, 3.5560661144598506e-06, 3.208955074292343e-06, 2.754369180742371e-06, 2.7405882554651332e-06]$$

%%nelems%%
$$[128, 188, 248, 308, 368, 428, 488, 548, 608, 668, 728, 788, 848, 908, 968, 1028, 1088, 1148, 1208, 1268]$$





