Written on:
11/22/18  06:46:11

______________________________

(Settings:)

{'degree': 3, 'nref': 20, 'refinement number': 20}

______________________________

(Values:)

%%residual%%
$$[1.2436469265776302, 1.2332212770506594, 1.2056690869172866, 1.1964028856030267, 1.1913158989656933, 1.17796402305038, 1.1673258433814917, 1.164910209644529, 1.1580260213479738, 1.151992781331151, 1.1452769622815697, 1.1446260037497455, 1.1424340575170369, 1.1421432268224083, 1.1448103879008842, 1.1400525314858412, 1.127873630825745, 1.1237348970157315, 1.1184263618917374, 1.142252275077687]$$

%%sum_residual%%
$$[0.00032804271808385845, 0.0002623240460269308, 0.0002068563998353824, 0.00018003287073999546, 0.00013512624191458201, 0.00010210396891954035, 7.903000020734928e-05, 7.846540295155917e-05, 5.998604975893403e-05, 4.7369264104097465e-05, 2.7769041643872217e-05, 2.773578702719021e-05, 2.7725836669296134e-05, 2.7576516366162605e-05, 2.529813880941141e-05, 3.568348465693076e-05, 2.8034246359245734e-05, 2.2633879289566527e-05, 8.025745168322497e-06, 8.087228089591967e-06]$$

%%sum_goal%%
$$[2.900592468054654e-05, 1.6619204073651933e-05, 1.1492289745039638e-05, 9.068930059032329e-06, 7.496425626311344e-06, 6.442686284165497e-06, 5.690894298997405e-06, 5.065968685398466e-06, 4.552897102848299e-06, 4.09958041936098e-06, 3.7109028548333795e-06, 3.385149351868161e-06, 3.1213323017974432e-06, 2.895260268894672e-06, 2.7001190667613976e-06, 2.530235062115284e-06, 2.382281936876579e-06, 2.24888553109722e-06, 2.1420882300008217e-06, 2.0462043333863723e-06]$$

%%nelems%%
$$[128, 188, 248, 308, 368, 428, 488, 548, 608, 668, 728, 788, 848, 908, 968, 1028, 1088, 1148, 1208, 1268]$$





