Written on:
11/06/18  12:13:12

______________________________

(Settings:)

{'degree': 2, 'nref': 30, 'poi': [0, 0]}

______________________________

(Values:)

%%error_exact%%
$$[0.008810508300403003, 0.008004129749458286, 0.004858798541399872, 0.004246936929693535, 0.002908903158339999, 0.0027117753469315443, 0.0021085708438850705, 0.002038368225209152, 0.0018540848148655776, 0.0018348597472891157, 0.0017778443888979787, 0.0016744736440642179, 0.0015686191247132747, 0.001568619117617442, 0.0015686191105216312, 0.0015587912842321356, 0.0015346893857252177, 0.0015172921741109843, 0.001505983862547928, 0.0014665026412182477, 0.0011367447249348206, 0.0011256127741935027, 0.0011230534966991039, 0.0011165365115874289, 0.0010996000469333984, 0.0010351355898989172, 0.0006220101217335168, 0.0006015956679096804, 0.0005807056215044379, 0.0005469195856280168]$$

%%error_qoi%%
$$[0.00021351809572888792, 0.0001759393021259443, 9.949422899035438e-05, 9.278943238341147e-05, 5.648766171186989e-05, 5.87785357917078e-05, 4.1388734334220104e-05, 4.089651393005571e-05, 3.536940103397795e-05, 3.499857643028924e-05, 3.347823524145309e-05, 2.8634140775618773e-05, 2.352776014883956e-05, 2.3527753828001686e-05, 2.352774750716379e-05, 2.3239145503017792e-05, 2.243652311806309e-05, 2.1295285566306677e-05, 1.9908518431188515e-05, 1.850630031843552e-05, 1.70718477317756e-05, 1.5916103003728005e-05, 1.586973769137069e-05, 1.5755730641145175e-05, 1.459815073875873e-05, 1.2782837688031021e-05, 1.1251278636339995e-05, 8.548140497279348e-06, 5.712125213756616e-06, 4.975143519226918e-06]$$

%%error_est%%
$$[0.8161553732679984, 0.732540801663171, 0.8987352815137948, 0.8043269912957093, 0.7992574427277893, 0.7583564349615094, 0.8042718467639591, 0.7813110757480984, 0.8106351982114737, 0.795893072210462, 0.8151979536287919, 0.8142534569848447, 0.8161902991183935, 0.8161902966591721, 0.8161902941999515, 0.8109900368091985, 0.8307686449653601, 0.8329705861044485, 0.8303552310141529, 0.821823419603734, 0.779349630869587, 0.7742749968393206, 0.7684049127339087, 0.7709322957426208, 0.7581950028537343, 0.7241759705746641, 0.6594441290876211, 0.6231160416787869, 0.5856934372544264, 0.5567715251637617]$$

%%sum_residual%%
$$[1.177040567208553, 0.7230984786100213, 0.3817472494405242, 0.2626211468458437, 0.18413323138809967, 0.15282121629792417, 0.13319563424691566, 0.12368228568870157, 0.11787834613850222, 0.11498732287384911, 0.1132761815986175, 0.11078587523807122, 0.10815900183944718, 0.10796580568204783, 0.10777260575063102, 0.10663939975403912, 0.10621178158342405, 0.10316618891297732, 0.10295986331397869, 0.09357539607452528, 0.058512649433588436, 0.058389836268844995, 0.05810913434854393, 0.05789066878025855, 0.05677095651024349, 0.05355965469993105, 0.026709894180476892, 0.026357873110074502, 0.025991918796794185, 0.025543827263300914]$$

%%sum_goal%%
$$[0.00015188515427159115, 0.00024839303619466436, 0.00021746250866495686, 0.0002307968329629121, 0.00013075098370884434, 0.00014299148664053681, 4.026189321327875e-05, 5.163830907654693e-05, 2.2827004340356918e-05, 2.4441751861688457e-05, 1.9088116895178674e-05, 1.8489329910624578e-05, 1.7762809322670205e-05, 1.7748111876423656e-05, 1.7734839670576728e-05, 1.8644266647098505e-05, 1.573610958172253e-05, 1.4932509730473859e-05, 1.3859156365174585e-05, 1.1858792610307202e-05, 1.1491333242391222e-05, 1.0598878052779938e-05, 1.0735293212928829e-05, 1.0235644126751253e-05, 9.889136484347493e-06, 8.419807175059968e-06, 7.337570131565124e-06, 6.098052979015969e-06, 4.895623810726275e-06, 4.428639746408531e-06]$$

%%nelems%%
$$[2, 5, 8, 11, 14, 17, 20, 23, 26, 29, 32, 35, 38, 41, 44, 47, 50, 53, 56, 59, 62, 65, 68, 71, 74, 77, 80, 83, 86, 89]$$





