Written on:
11/13/18  14:18:31

______________________________

(Settings:)

{'degree': 2, 'nref': 30, 'poi': [0, 0]}

______________________________

(Values:)

%%error_exact%%
$$[0.008810508300403003, 0.008004129749458286, 0.004858798541399872, 0.004246936929693535, 0.002908903158339999, 0.0027117753469315387, 0.0021085708438850705, 0.0020383682252090784, 0.0018540848148655776, 0.001746808956202646, 0.0016350820852868444, 0.0015969798456506629, 0.0015571928565498649, 0.0013974702602300108, 0.0012389309700018376, 0.001070143305769254, 0.0008875638733928994, 0.0008607684370137244, 0.0008038740807926486, 0.0008041663848688339, 0.0008044586756098337, 0.0006275308439620589, 0.0003706485880101225, 0.00037067387045174206, 0.00037069915452011664, 0.00034955345805468756, 0.0003206906208305394, 0.0003043473067554947, 0.000287481389508561, 0.0002734554222054469]$$

%%error_qoi%%
$$[0.00021351809572888792, 0.0001759393021259443, 9.949422899035438e-05, 9.278943238341147e-05, 5.648766171186989e-05, 5.87785357917076e-05, 4.1388734334220104e-05, 4.089651393005567e-05, 3.536940103397795e-05, 3.035182438444705e-05, 2.50414514489924e-05, 2.111929475868361e-05, 1.686038751264793e-05, 1.476741765785665e-05, 1.2479560068352967e-05, 1.2292832394992415e-05, 1.208252228223377e-05, 1.1480361091168676e-05, 1.020051426192516e-05, 1.020034066480007e-05, 1.0200167069097225e-05, 9.957723066947948e-06, 9.650740134344376e-06, 9.650010093456838e-06, 9.649280165076013e-06, 8.713953466352061e-06, 7.196632593182486e-06, 6.1146073167566195e-06, 4.953763768379315e-06, 4.69306319501043e-06]$$

%%error_est%%
$$[0.8161553732679984, 0.732540801663171, 0.8987352815137948, 0.8043269912957093, 0.7992574427277893, 0.7583564349615095, 0.8042718467639591, 0.7813110757480983, 0.8106351982114737, 0.8119325454285384, 0.8161228124679368, 0.796074732649439, 0.7768205054657191, 0.7224147579659423, 0.6683666209746445, 0.6593896112550869, 0.6505019341811326, 0.641682828354608, 0.6582581861431236, 0.6582578091300568, 0.6582574321169343, 0.6102108081004048, 0.5612061594780692, 0.5611133952706768, 0.561020631015294, 0.5445817147713393, 0.5263955743817219, 0.506521212423072, 0.48638522452283256, 0.4816759766248668]$$

%%sum_residual%%
$$[1.177040567208553, 0.7230984786100213, 0.3817472494405242, 0.2626211468458437, 0.18413323138809967, 0.15282121629792383, 0.13319563424691566, 0.1236822856887022, 0.11787834613850222, 0.11539973875526643, 0.11278457403421234, 0.1117955702191278, 0.11074804450077606, 0.09984136723457016, 0.08854799763129612, 0.08011877066515682, 0.07166323667297222, 0.06848087574365792, 0.0666723119665976, 0.06645317768689916, 0.06623404357899884, 0.04149588763597169, 0.02148307377872138, 0.021461453041911122, 0.021439832315767376, 0.0194774443843167, 0.018100864923320525, 0.01792983069387597, 0.017771219210366087, 0.016805021180723925]$$

%%sum_goal%%
$$[0.0005855811259881871, 0.00053429206725998, 0.0005748435432967969, 0.0005047013337002759, 0.0003799303891323337, 0.00034604953731590826, 0.00022460854679364102, 0.0002289929907757218, 0.00020648500807036362, 0.00019465962810052298, 0.00018248980377264613, 0.00017185128989918413, 0.00016082600170285485, 0.00014747160919169287, 0.00013346101124574075, 0.00012481407447899489, 0.00011583037085912303, 0.00011639092008927613, 0.00011361548775452972, 0.00011368850211313602, 0.00011376125347731714, 0.00010919396808156047, 0.00010373564082913654, 0.0001038439969904606, 0.00010395246071047031, 9.533427682474876e-05, 8.698863194189352e-05, 8.302120766475759e-05, 7.904940719655169e-05, 7.917645668972521e-05]$$

%%nelems%%
$$[2, 5, 8, 11, 14, 17, 20, 23, 26, 29, 32, 35, 38, 41, 44, 47, 50, 53, 56, 59, 62, 65, 68, 71, 74, 77, 80, 83, 86, 89]$$





