Written on:
11/06/18  12:41:12

______________________________

(Settings:)

{'degree': 2, 'nref': 30, 'poi': [1, -1]}

______________________________

(Values:)

%%error_exact%%
$$[0.008810508300403003, 0.008004129749458234, 0.004858798541399872, 0.004246936929693535, 0.002908903158339999, 0.0027117753469315443, 0.0021085708438850705, 0.0018392445139829398, 0.001480456702961239, 0.0014001652939746962, 0.0011465403858232472, 0.0011118156365148729, 0.001073862430284417, 0.0009819836661993974, 0.0009509211946856215, 0.0008582359156109837, 0.00076137139325212, 0.0006308150846947066, 0.0005231675425775544, 0.00048432826535692926, 0.00047102994934659887, 0.00043080099918928996, 0.00043008478364723853, 0.0004289468104437905, 0.0003839532744987459, 0.00038389929189415657, 0.00038259830428245893, 0.00037009541584761993, 0.00036518153437545606, 0.0003062910415912451]$$

%%error_qoi%%
$$[5.345565479758622e-23, 2.585866121138223e-22, 1.5273504795090598e-22, 1.3381499166554495e-22, 9.177712363299676e-23, 8.447383806836687e-23, 7.185782580651064e-23, 5.834454722629632e-23, 5.1191044085085803e-23, 4.871670096736319e-23, 4.239220733441158e-23, 4.18332787327796e-23, 5.2314937649501854e-23, 4.8437627610179605e-23, 4.6902605980226634e-23, 4.5221115063113167e-23, 4.122519871299696e-23, 2.3400332037044818e-23, 2.0374737776438416e-23, 1.87603956520696e-23, 1.8179356783019385e-23, 1.6565536089477054e-23, 1.6570139737533158e-23, 1.6591080874011137e-23, 1.509086720324007e-23, 1.5092168929995203e-23, 1.5023133099036116e-23, 1.4457741798009508e-23, 1.423656440125371e-23, 1.2917363061238676e-23]$$

%%error_est%%
$$[0.8161553732679984, 0.7325408016631713, 0.8987352815137948, 0.8043269912957093, 0.7992574427277893, 0.7583564349615094, 0.8042718467639591, 0.7709048239470984, 0.7379326543230862, 0.7162137662175275, 0.7501618865740269, 0.7517837557214179, 0.7539489876673097, 0.7293090999830222, 0.7162660147159758, 0.668502226386923, 0.6890534285534192, 0.6425914124643568, 0.6187343513526178, 0.6085849396537201, 0.600482713030797, 0.6127457968391121, 0.6145303608172328, 0.6131559934059816, 0.610285863604751, 0.6102047568909837, 0.6097577695034974, 0.6029326767332412, 0.5980077581138904, 0.5562166057131783]$$

%%sum_residual%%
$$[1.177040567208553, 0.7230984786100207, 0.3817472494405242, 0.2626211468458437, 0.18413323138809967, 0.15282121629792417, 0.13319563424691566, 0.09654969320001527, 0.06685032429689894, 0.0574980957463952, 0.051363012001203495, 0.04596763936604948, 0.04074285181191606, 0.03291256804278459, 0.029987838245044616, 0.0260810177570779, 0.024308577405578784, 0.020073571642183076, 0.015552045259947146, 0.013244762553469852, 0.01234039621582151, 0.011790810042818341, 0.011386501235692419, 0.010447580597452455, 0.00940609585810014, 0.00904319842097087, 0.008594725528758479, 0.007909815571233172, 0.0076293143967341975, 0.006768189754267302]$$

%%sum_goal%%
$$[3.8814181622010946e-22, 4.804822276000663e-22, 2.9781789428877066e-22, 3.8635298393609346e-22, 2.352665353616641e-22, 2.4785295940054374e-22, 1.9633608243093995e-22, 1.2230741639548999e-22, 1.067408267345218e-22, 1.2088909259356484e-22, 9.902214312825752e-23, 9.764217781556378e-23, 7.576599606663658e-23, 6.606847247155157e-23, 6.712420779864399e-23, 6.606564694796896e-23, 6.005278481523747e-23, 3.261159110633984e-23, 2.80984992973342e-23, 2.3661189382404278e-23, 2.341932695837642e-23, 2.1224116573217222e-23, 2.1193076328313868e-23, 2.0850035105957876e-23, 1.8607973511449986e-23, 1.8617335226319415e-23, 1.8570522561882538e-23, 1.7042349529811424e-23, 1.709542361347878e-23, 1.5651097351878653e-23]$$

%%nelems%%
$$[2, 5, 8, 11, 14, 17, 20, 23, 26, 29, 32, 35, 38, 41, 44, 47, 50, 53, 56, 59, 62, 65, 68, 71, 74, 77, 80, 83, 86, 89]$$





