Written on:
11/26/18  19:44:39

______________________________

(Settings:)

{'degree': 2, 'nref': 15, 'poi': [0, 0]}

______________________________

(Values:)

%%error_exact%%
$$[0.004858798541399753, 0.0020329738313815664, 0.0009426044996695181, 0.0005373208796916714, 0.0003871861124708875, 0.0003480081280504065, 0.00019405952715837512, 0.00016963836230357696, 0.0001551390315958861, 0.00015472895446335614, 0.00014709810817999553, 0.00013811664202501, 0.0001335245614793679, 0.00013351599511757245, 7.036352443823995e-05]$$

%%error_qoi%%
$$[9.949422899035399e-05, 4.70203448641359e-05, 2.8304767883758395e-05, 1.886779081771935e-05, 1.5742517880960944e-05, 1.5164251336425792e-05, 9.954592993345765e-06, 9.322880785299597e-06, 9.022726968629032e-06, 8.999956825075334e-06, 8.89238160521229e-06, 8.74818529805652e-06, 8.649238709663237e-06, 8.648513847165446e-06, 3.5402468782537368e-06]$$

%%error_est%%
$$[0.8987352815137951, 0.7065611352516964, 0.6310180399142213, 0.6261096290082769, 0.6234841127150741, 0.6117013403610505, 0.481750327244707, 0.4951554640646505, 0.47668747892770824, 0.4771856486759282, 0.47203771333332495, 0.4752882595071498, 0.4750568208889795, 0.4743310760284085, 0.3833180367017309]$$

%%sum_residual%%
$$[0.11567117731697371, 0.016105674639449806, 0.002708495342268508, 0.0006185958898630415, 0.0002489382629053424, 0.00015387319022454107, 8.577889898436994e-05, 6.02758599460344e-05, 3.744236673011746e-05, 2.6109849286374483e-05, 1.8102022171882888e-05, 1.5323239346601517e-05, 1.2471251215927485e-05, 1.0246499969598865e-05, 7.77976515918866e-06]$$

%%sum_goal%%
$$[-7.18286171608723e-06, -5.208859650464001e-07, 1.3840004283077896e-07, 1.669965131009181e-07, 3.373185692430275e-08, 4.030881983212522e-09, 2.328559434444347e-08, 2.3211399118825584e-08, 1.5606689246157623e-08, 1.593657230584918e-08, 1.2413508082531426e-08, 1.2491188467608042e-08, 1.246616609054854e-08, 1.2001918713747247e-08, 2.3375219056537197e-09]$$

%%nelems%%
$$[8, 32, 56, 80, 104, 128, 152, 176, 200, 224, 248, 272, 296, 320, 344]$$





