Written on:
11/06/18  12:51:31

______________________________

(Settings:)

{'degree': 2, 'nref': 30, 'poi': [1, -1]}

______________________________

(Values:)

%%error_exact%%
$$[0.008810508300403003, 0.008004129749458234, 0.004858798541399872, 0.004246936929693535, 0.002908903158339999, 0.002904806829996384, 0.0027078874612600935, 0.0020984020441200757, 0.0018166464495489208, 0.0017481690149012735, 0.0015480819089795307, 0.0015480816668413857, 0.0011118153708673153, 0.0010657006248008284, 0.0010646058451254663, 0.0010349048051369867, 0.0009360506689553457, 0.0008625857741513867, 0.000800900408448363, 0.0007104477242711178, 0.0006998376640782625, 0.0006627692814194267, 0.0006295612730887152, 0.0005785535385111416, 0.0005723192161537665, 0.0005679718049371712, 0.0004981785008448538, 0.000488132027009601, 0.00048032423747347975, 0.00044556914503598777]$$

%%error_qoi%%
$$[5.345565479758622e-23, 2.585866121138223e-22, 1.5273504795090598e-22, 1.3381499166554495e-22, 9.177712363299676e-23, 1.3672483836195378e-22, 1.2525155200896913e-22, 1.026509908117147e-22, 7.898031281370866e-23, 7.49876316302295e-23, 6.507086216508082e-23, 6.506038927302504e-23, 5.321553217466112e-23, 5.092702480449513e-23, 4.693104863486834e-23, 4.5578548409932367e-23, 3.1423865629807786e-23, 2.765157056718305e-23, 2.530589119102939e-23, 2.1357409901404978e-23, 2.0868885349258806e-23, 1.8950498907089528e-23, 1.772210202351186e-23, 1.5987227054941165e-23, 1.5636056854742026e-23, 1.5406433701250818e-23, 1.2991060712271357e-23, 1.2415219319750715e-23, 1.1995893055108541e-23, 1.0889897225609899e-23]$$

%%error_est%%
$$[0.8161553732679984, 0.7325408016631713, 0.8987352815137948, 0.8043269912957093, 0.7992574427277893, 0.7987565259810352, 0.7578307018712634, 0.8044218727709974, 0.7710409885633831, 0.7480378789216541, 0.7805323596924671, 0.7805323000866166, 0.7517836954625938, 0.7661191233943996, 0.7640284350681601, 0.750064936863643, 0.7037014457178961, 0.7156930907935339, 0.7194881896594093, 0.6917797554692651, 0.6834687070650813, 0.6996939164863901, 0.6845447537106089, 0.6660669205865625, 0.6712415887391869, 0.6659648796771461, 0.6238374174913307, 0.6282025422253025, 0.6326311981113725, 0.6079005257878091]$$

%%sum_residual%%
$$[1.177040567208553, 0.7230984786100207, 0.3817472494405242, 0.2626211468458437, 0.18413323138809967, 0.1800829263746314, 0.14879546038986038, 0.12918542739587066, 0.0913626053068843, 0.08190709671057325, 0.07599865011222784, 0.07554713927021253, 0.04550983591964394, 0.04174947369852212, 0.0413056928082855, 0.038362672893218736, 0.03508010056733157, 0.0334419858426675, 0.03185467834017655, 0.02434531561947209, 0.023430402912276424, 0.022952537416584776, 0.022628440891641836, 0.02269026188724054, 0.02231197998876971, 0.0220332295354174, 0.01811432320782142, 0.0179514418168979, 0.01790709465668678, 0.017504401968442915]$$

%%sum_goal%%
$$[3.8814181622010946e-22, 4.804822276000663e-22, 2.9781789428877066e-22, 3.8635298393609346e-22, 2.352665353616641e-22, 2.062522673706944e-22, 2.3514908969434533e-22, 1.7074087187219072e-22, 1.067248981946269e-22, 1.1458479216049319e-22, 9.828221417623341e-23, 9.785812688827468e-23, 7.660043565835752e-23, 6.982854817712476e-23, 5.741829581089936e-23, 5.576402027961945e-23, 3.6023923178507856e-23, 3.4377146043129217e-23, 2.9603877479790236e-23, 2.208263367479286e-23, 2.3706861669970536e-23, 2.047263779249907e-23, 1.8878937479792192e-23, 1.7587913707958968e-23, 1.6489342897914093e-23, 1.6210390464553635e-23, 1.365573164007652e-23, 1.334096934866549e-23, 1.2520402547505457e-23, 1.1319851733513538e-23]$$

%%nelems%%
$$[2, 5, 8, 11, 14, 17, 20, 23, 26, 29, 32, 35, 38, 41, 44, 47, 50, 53, 56, 59, 62, 65, 68, 71, 74, 77, 80, 83, 86, 89]$$





