Written on:
11/13/18  14:25:51

______________________________

(Settings:)

{'degree': 2, 'nref': 30, 'poi': [1, -1]}

______________________________

(Values:)

%%error_exact%%
$$[0.008810508300403003, 0.008004129749458234, 0.007965117139755675, 0.00796382458557224, 0.00484325182417632, 0.004841943425266137, 0.004841907845380023, 0.004836798091572699, 0.004798190099163242, 0.004184958292993948, 0.002679688380984229, 0.0025152996679240823, 0.00227803818368689, 0.001872162696074873, 0.0018721626568669364, 0.00135196735432681, 0.0013519673454922734, 0.0013519673026673182, 0.0012671677283175287, 0.001267167827412044, 0.0011496993513007388, 0.0009078462970780974, 0.0007811022664469896, 0.000781100947588927, 0.000780802560883528, 0.000726344985743192, 0.0007260957011905703, 0.0006253609417188196, 0.0006253447043915072, 0.0006253087305539852]$$

%%error_qoi%%
$$[5.345565479758622e-23, 2.585866121138223e-22, 3.835792616326021e-22, 4.1106076490001275e-22, 2.324715004426635e-22, 2.310350771270989e-22, 2.3252189316921756e-22, 2.2406011546309205e-22, 2.005718384622504e-22, 1.660618117346695e-22, 1.0935672284811567e-22, 9.852327252174499e-23, 8.564547967502586e-23, 6.997499677598056e-23, 6.99603298245185e-23, 5.026589019102636e-23, 5.0231812086782834e-23, 5.023283455956809e-23, 4.587851792795439e-23, 4.5818055788324265e-23, 4.1446888876301553e-23, 3.100998921772965e-23, 2.794543958573233e-23, 2.7972914471628586e-23, 2.792138989900359e-23, 2.601629247411186e-23, 2.6080179012593538e-23, 2.3013248099545072e-23, 2.30821974080034e-23, 2.308219765792299e-23]$$

%%error_est%%
$$[0.8161553732679984, 0.7325408016631713, 0.7438209363841499, 0.7465222382336022, 0.9044983904675407, 0.9046229231523207, 0.9052501155524328, 0.9046532970613379, 0.8980733902261688, 0.8031158585090379, 0.7640450316924579, 0.7464291312520348, 0.7065666719417897, 0.6931536799560147, 0.6931574163764401, 0.6943732562602609, 0.6943620027497289, 0.6943817375708983, 0.6722744661108968, 0.6722274581754383, 0.6678718405559622, 0.6927355216802463, 0.6494333964720569, 0.6494035433757747, 0.648047875917598, 0.6515384656178433, 0.651422990359305, 0.5953854374831204, 0.5959390420609159, 0.5959390381998741]$$

%%sum_residual%%
$$[1.177040567208553, 0.7230984786100207, 0.71494182014696, 0.7143195560756007, 0.37514750680630593, 0.3746461281286483, 0.3746025378511051, 0.373621895671471, 0.3693014716966347, 0.2519946844304915, 0.16588052114017152, 0.1384699405678581, 0.10675871423514616, 0.081279044738018, 0.08127832045831843, 0.057210930946427783, 0.057209676410499795, 0.05720927173352486, 0.04771176177835105, 0.04770586620663933, 0.04585351681730579, 0.03998027316710516, 0.036059152650831525, 0.03605500430653794, 0.03593453715334299, 0.03504054550886719, 0.03495711202443637, 0.03268089997796423, 0.03266629173572589, 0.03264574234315244]$$

%%sum_goal%%
$$[2.4733525828492307e-21, 3.3002225193531705e-21, 2.911212124254994e-21, 2.682279413584722e-21, 2.1704902699753606e-21, 2.0074773354781477e-21, 1.994168788245631e-21, 1.5203134654136566e-21, 1.0447921685235032e-21, 1.051251075679132e-21, 9.132283047153755e-22, 7.762150331069385e-22, 7.821632021678853e-22, 6.92869571801624e-22, 6.70759890315562e-22, 6.5840047144863325e-22, 5.841091724900147e-22, 5.920420713708305e-22, 5.938928079660261e-22, 5.074677703418148e-22, 4.824990211009947e-22, 4.739273489196401e-22, 4.2227766917759695e-22, 4.1185223835305537e-22, 4.063780896106943e-22, 4.0148633666981685e-22, 3.7178513442670694e-22, 3.558321118197805e-22, 3.3235589246619117e-22, 3.322479145095545e-22]$$

%%nelems%%
$$[2, 5, 8, 11, 14, 17, 20, 23, 26, 29, 32, 35, 38, 41, 44, 47, 50, 53, 56, 59, 62, 65, 68, 71, 74, 77, 80, 83, 86, 89]$$





