Written on:
11/12/18  11:22:50

______________________________

(Settings:)

{'degree': 3, 'nref': 15, 'refinement method': 0.3}

______________________________

(Values:)

%%residual%%
$$[0.71740237890536, 0.5166122536061316, 0.2423589945082238, 0.2285804218214882, 0.2289775920576979, 0.22303742051752046, 0.18362149156812996, 0.142265188360661, 0.14231322655109885, 0.14020162049592133, 0.129701247582158, 0.10638386989971277, 0.1048451852302833, 0.10186745269982614, 0.10141384558570007]$$

%%sum_residual%%
$$[0.49087646718274214, 0.3449716261294423, 0.19140650600194437, 0.15399218272594328, 0.15836893383262274, 0.1583266905529555, 0.15812122606154064, 0.15753501461586522, 0.14951242657850292, 0.0965904964332548, 0.09619631523397928, 0.08637530399611978, 0.07288219918287919, 0.06209133669647407, 0.06233762757173065]$$

%%sum_goal%%
$$[0.9705583320835883, 0.9291042698849491, 0.8021605900877651, 0.7964191743315184, 0.7971227023357227, 0.7975668267954182, 0.7943708075753154, 0.7863225915071261, 0.7784128438317856, 0.7728586229399578, 0.7718753337055498, 0.7679424240282924, 0.7676871114405007, 0.7675582327846108, 0.767550918987537]$$

%%nelems%%
$$[8, 20, 32, 44, 56, 68, 80, 92, 104, 116, 128, 140, 152, 164, 176]$$





